===========每幅图像的标定误差===========
第1幅图像的平均误差：0.229662pixel
第2幅图像的平均误差：0.219325pixel
第3幅图像的平均误差：0.20283pixel
总体平均误差：0.217272pixel

================相机内参================
=============(非齐次坐标下)=============
[8451.059149867709, 0, 2021.89982797047;
 0, 8443.953233153796, 1489.896899670237;
 0, 0, 1]

================相机外参================
=============(非齐次坐标下)=============
第1幅图像的旋转向量：
[-0.01172130014950619;
 3.142826921409351;
 0.2245345647477912]
第1幅图像的旋转矩阵：
[-0.9999293884071643, -0.006760596533752294, -0.009773051426358868;
 -0.00808128305473243, 0.9898161742157692, 0.1421218988229737;
 0.008712695556699608, 0.1421908421642059, -0.9898009160133012]
第1幅图像的平移向量：
[31.38346039014103;
 -16.97872642248297;
 244.0736184565617]

第2幅图像的旋转向量：
[-0.004086515030512425;
 3.150954439619203;
 -0.1312032775172993]
第2幅图像的旋转矩阵：
[-0.9999235001565639, -0.003092409736662771, -0.01197626138102543;
 -0.002086066860329457, 0.9965351273955749, -0.08314678701994437;
 0.01219188909481558, -0.08311544302177752, -0.9964653435878206]
第2幅图像的平移向量：
[31.39809717550998;
 -18.49865318185529;
 257.6498477265937]

第3幅图像的旋转向量：
[-0.009715478072545336;
 3.158382662482895;
 0.04943194293632828]
第3幅图像的旋转矩阵：
[-0.9998333069099223, -0.005881145032729055, -0.01728497979961859;
 -0.006419187495035972, 0.9994913328139526, 0.03123891262019476;
 0.01709246692179892, 0.03134466083550109, -0.9993624766878305]
第3幅图像的平移向量：
[28.59789599661035;
 -10.63832181136183;
 250.9546487867585]


